0 0.93359375 0.4828125 0.115625 0.95625
1 0.51953125 0.04140625 0.0171875 0.025
1 0.55234375 0.26953125 0.0125 0.03125
1 0.384375 0.46484375 0.0203125 0.05
1 0.29453125 0.4578125 0.021875 0.028125
1 0.28984375 0.56484375 0.01875 0.040625
1 0.21484375 0.50703125 0.0171875 0.034375
1 0.18125 0.4171875 0.0171875 0.034375
1 0.24609375 0.18984375 0.015625 0.03125
1 0.3421875 0.134375 0.0078125 0.0203125
1 0.4078125 0.17265625 0.0125 0.040625
1 0.390625 0.17578125 0.0109375 0.028125
1 0.4078125 0.33125 0.009375 0.03125
1 0.33515625 0.3671875 0.01875 0.05
1 0.3015625 0.32109375 0.0125 0.025
1 0.35546875 0.28046875 0.015625 0.034375
1 0.446875 0.01796875 0.028125 0.034375
1 0.153125 0.753125 0.009375 0.025
1 0.115625 0.859375 0.025 0.059375
1 0.12265625 0.80078125 0.009375 0.0171875
1 0.11640625 0.7484375 0.009375 0.028125
1 0.096875 0.709375 0.01875 0.021875
1 0.13046875 0.5984375 0.015625 0.03125
1 0.42109375 0.65 0.009375 0.028125
1 0.33125 0.4828125 0.025 0.078125
1 0.09140625 0.85390625 0.0140625 0.015625
1 0.03046875 0.68515625 0.025 0.05625
1 0.0546875 0.5078125 0.0234375 0.03125
1 0.09453125 0.58671875 0.0109375 0.046875
1 0.57734375 0.80078125 0.0203125 0.05
1 0.57109375 0.603125 0.025 0.034375