0 0.13984375 0.91015625 0.153125 0.1796875
0 0.87734375 0.1296875 0.23125 0.228125
1 0.75234375 0.8203125 0.04375 0.040625
1 0.70078125 0.9453125 0.0375 0.028125
1 0.63984375 0.35234375 0.0171875 0.028125
1 0.63046875 0.29140625 0.0390625 0.025
1 0.653125 0.27109375 0.0265625 0.021875
1 0.44453125 0.159375 0.0265625 0.028125
1 0.45234375 0.3640625 0.0234375 0.025
1 0.5078125 0.421875 0.025 0.021875
1 0.44375 0.615625 0.01875 0.025
1 0.40703125 0.59375 0.028125 0.025
1 0.73359375 0.5609375 0.0265625 0.025
1 0.83046875 0.89921875 0.0375 0.025
1 0.8375 0.8625 0.0453125 0.0375