1 0.45546875 0.2640625 0.034375 0.059375
1 0.49453125 0.1890625 0.034375 0.059375
1 0.64453125 0.390625 0.034375 0.05
1 0.77265625 0.41640625 0.03125 0.040625
1 0.8296875 0.3109375 0.028125 0.059375
0 0.978125 0.14921875 0.04375 0.2859375
1 0.96640625 0.21328125 0.028125 0.05
0 0.896875 0.78671875 0.1828125 0.425
0 0.50546875 0.77578125 0.2109375 0.4484375
0 0.1296875 0.721875 0.2375 0.55625
0 0.34765625 0.07578125 0.184375 0.134375
1 0.08984375 0.346875 0.0140625 0.034375
1 0.32890625 0.2046875 0.021875 0.025
1 0.99140625 0.6765625 0.0171875 0.040625