0 0.06640625 0.4828125 0.115625 0.95625
1 0.48046875 0.04140625 0.0171875 0.025
1 0.44765625 0.26953125 0.0125 0.03125
1 0.615625 0.46484375 0.0203125 0.05
1 0.70546875 0.4578125 0.021875 0.028125
1 0.71015625 0.56484375 0.01875 0.040625
1 0.78515625 0.50703125 0.0171875 0.034375
1 0.81875 0.4171875 0.0171875 0.034375
1 0.75390625 0.18984375 0.015625 0.03125
1 0.6578125 0.134375 0.0078125 0.0203125
1 0.5921875 0.17265625 0.0125 0.040625
1 0.609375 0.17578125 0.0109375 0.028125
1 0.5921875 0.33125 0.009375 0.03125
1 0.66484375 0.3671875 0.01875 0.05
1 0.6984375 0.32109375 0.0125 0.025
1 0.64453125 0.28046875 0.015625 0.034375
1 0.553125 0.01796875 0.028125 0.034375
1 0.846875 0.753125 0.009375 0.025
1 0.884375 0.859375 0.025 0.059375
1 0.87734375 0.80078125 0.009375 0.0171875
1 0.88359375 0.7484375 0.009375 0.028125
1 0.903125 0.709375 0.01875 0.021875
1 0.86953125 0.5984375 0.015625 0.03125
1 0.57890625 0.65 0.009375 0.028125
1 0.66875 0.4828125 0.025 0.078125
1 0.90859375 0.85390625 0.0140625 0.015625
1 0.96953125 0.68515625 0.025 0.05625
1 0.9453125 0.5078125 0.0234375 0.03125
1 0.90546875 0.58671875 0.0109375 0.046875
1 0.42265625 0.80078125 0.0203125 0.05
1 0.42890625 0.603125 0.025 0.034375