0 0.86015625 0.91015625 0.153125 0.1796875
0 0.12265625 0.1296875 0.23125 0.228125
1 0.24765625 0.8203125 0.04375 0.040625
1 0.29921875 0.9453125 0.0375 0.028125
1 0.36015625 0.35234375 0.0171875 0.028125
1 0.36953125 0.29140625 0.0390625 0.025
1 0.346875 0.27109375 0.0265625 0.021875
1 0.55546875 0.159375 0.0265625 0.028125
1 0.54765625 0.3640625 0.0234375 0.025
1 0.4921875 0.421875 0.025 0.021875
1 0.55625 0.615625 0.01875 0.025
1 0.59296875 0.59375 0.028125 0.025
1 0.26640625 0.5609375 0.0265625 0.025
1 0.16953125 0.89921875 0.0375 0.025
1 0.1625 0.8625 0.0453125 0.0375